2
2
2
2
2
2
2
2
2
2
2
2
2
2
2
2
2
2
2
2
2
2
2
2
2
2
2
2
2
2
2
2
9
2
2
2
2
2
2
2
1
2
7
2
2
10
2
2
2
2
2
7
2
2
2
2
2
2
2
2
2
2
7
2
2
2
2
2
2
5
0
0
0
0
0
2
2
2
2
2
2
2
2
2
2
2
2
2
2
2
2
2
2
2
11
2
2
2
2
2
2
2
2
2
1
2
2
2
10
2
2
2
2
2
2
2
2
2
8
11
2
2
2
2
2
2
2
2
2
2
2
2
2
2
2
2
2
9
2
2
2
2
2
2
11
2
2
2
2
7
10
2
2
8
2
2
2
2
2
2
2
2
2
2
2
2
2
2
2
11
2
2
2
2
2
2
2
5
0
0
0
0
0
0
0
0
0
0
0
0
0
0
6
7
11
2
2
2
2
2
2
2
11
2
2
2
2
2
2
2
2
2
2
2
2
2
2
11
2
11
2
2
2
2
10
2
2
11
2
2
2
2
2
2
2
2
2
2
2
10
2
2
11
2
11
2
2
2
2
2
2
2
11
7
5
0
0
0
0
0
0
0
0
0
0
0
0
4
2
3
0
0
6
2
2
2
2
11
2
11
2
2
2
2
2
2
2
2
2
2
2
2
2
7
2
2
2
11
2
2
2
2
11
2
11
2
2
2
2
2
2
2
2
2
2
2
2
2
2
2
2
2
11
2
2
2
2
11
2
3
0
0
0
0
0
0
0
0
0
0
0
0
0
6
2
10
2
11
2
2
2
2
11
2
2
2
2
2
2
2
2
2
2
2
2
2
2
2
11
2
2
2
11
2
2
2
2
11
2
2
2
10
2
2
2
2
2
2
2
2
2
2
2
11
2
2
2
11
2
8
2
2
11
2
2
2
2
2
2
2
2
7
2
2
10
2
2
2
3
0
6
7
11
2
2
2
2
11
2
2
2
2
2
2
2
10
2
2
8
2
2
2
2
2
2
3
0
4
2
2
9
2
11
2
2
2
10
2
2
2
2
2
2
2
2
2
2
2
2
2
9
2
2
2
2
2
2
11
2
2
2
2
2
2
1
2
2
2
2
2
2
2
2
2
2
2
2
2
2
2
0
0
4
2
2
2
2
2
2
2
2
2
2
7
2
10
2
2
2
2
2
2
2
2
10
2
2
2
2
2
2
8
2
2
2
10
2
2
2
2
2
2
2
2
2
2
2
2
2
2
2
2
2
2
2
2
2
2
2
2
2
2
2
2
2
2
2
2
2
2
2
2
2
2
2
2
1
2
2
7
2
2
2
7
2
2
2
2
2
2
7
2
2
2
2
1
2
2
8
2
2
2
2
2
2
2
2
2
2
2
2
2
2
2
2
2
2
2
2
2
2
2
2
2
7
2
2
2
2
2
0
0
0
0
0
0
0
0
0
0
0
0
0
0
0
0
0
0
0
0
0
0
0
0
0
0
0
0
0
0
0
0
0
0
0
0
0
0
0
0
0
0
0
0
0
0
0
0
0
0
0
0
0
0
0
0
0
0
0
0
0
0
0
0
0
0
0
0
0
0
0
0
0
0
0
0
0
0
0
0
0
0
0
0
0
0
0
0
0
0
0
0
0
0
0
0
0
0
0
0
0
0
0
0
0
0
0
0
0
0
0
0
0
0
0
0
0
0
0
0
0
20
29
12
